100 data 32,0,32,0,32,0,32,0,32,0,32,0,32,0,32,0,32,0,32,0,32,0,32,0,32,0
101 data 32,0,32,0,32,0,32,0,32,0,32,0,32,0,32,0,32,0,32,0,32,0,32,0,32,0
102 data 32,0,32,0,32,0,32,0,32,0,32,0,32,0,32,0,32,0,32,0,32,0,32,0,32,0
103 data 32,0,32,0,32,0,32,0,32,0,32,0,32,0,32,0,32,0,32,0,32,0,32,0,32,0
104 data 32,0,32,0,32,0,32,0,32,0,32,0,32,9,108,11,32,11,32,0,32,0,32,0
105 data 32,0,32,0,32,0,32,0,32,0,32,0,32,0,32,0,32,0,32,0,32,0,32,0,32,0
106 data 32,0,32,0,32,0,32,0,32,0,32,0,32,0,32,0,32,0,32,0,32,0,32,0,32,0
107 data 32,0,32,0,32,0,32,0,32,0,32,0,32,0,32,11,233,11,160,11,97,11,32,0
108 data 32,0,32,0,32,0,32,0,32,0,32,0,32,0,32,0,32,0,32,0,32,0,32,0,32,0
109 data 32,0,32,0,32,0,32,0,32,0,32,0,32,0,32,0,32,0,32,0,32,0,32,0,32,0
110 data 32,0,32,0,32,0,32,0,32,0,32,0,32,0,32,0,32,9,254,11,160,11,160,11
111 data 252,11,32,11,32,0,32,0,32,0,32,0,32,0,32,0,32,0,32,0,32,0,32,0
112 data 32,0,32,0,32,0,32,0,32,0,32,0,32,0,32,0,32,0,32,0,32,0,32,0,32,0
113 data 32,0,32,0,32,0,32,0,32,0,32,0,32,0,32,0,32,0,32,0,32,0,118,11,228,11
114 data 167,11,121,11,160,11,239,11,32,9,32,0,32,0,32,0,32,0,32,0,32,0
115 data 32,0,32,0,32,0,32,0,32,0,32,0,32,0,32,0,32,0,32,0,32,0,32,0,32,0
116 data 32,0,32,0,32,0,32,0,32,0,32,0,32,11,100,12,100,12,32,11,32,0,32,0
117 data 32,0,32,0,32,0,32,0,32,11,99,11,99,11,32,0,32,0,32,0,32,0,32,0
118 data 32,0,32,0,32,0,32,9,100,11,32,12,100,12,32,11,32,0,32,0,32,0,32,0
119 data 32,0,32,0,32,0,32,0,32,0,32,0,32,0,32,0,108,12,233,15,204,15,239,15
120 data 160,15,223,15,68,11,108,15,64,15,111,15,32,11,32,9,69,11,249,11
121 data 68,11,32,9,32,0,32,9,100,15,121,15,98,15,223,10,70,12,233,15,227,15
122 data 251,15,227,15,77,12,32,12,32,0,32,0,32,0,32,0,32,0,32,0,32,0,32,0
123 data 32,0,32,0,32,9,69,11,70,11,52,15,64,15,95,15,160,15,160,10,229,15
124 data 160,1,160,1,69,15,64,15,73,15,111,15,32,11,111,1,98,1,79,15,248,1
125 data 229,15,228,15,122,10,52,15,228,15,69,15,45,12,45,12,6,12,126,12
126 data 32,11,32,0,32,0,32,0,32,0,32,0,32,0,32,0,32,0,32,0,32,0,32,11,32,11
127 data 32,11,42,11,32,11,32,11,120,10,213,15,160,1,231,1,174,15,160,1
128 data 229,15,226,15,148,15,174,1,246,1,95,1,160,1,245,15,249,10,16,10
129 data 32,9,32,9,34,11,69,12,32,11,32,9,32,11,32,9,32,9,32,0,32,0,32,0
130 data 32,0,32,0,32,0,32,0,32,0,32,0,32,0,32,0,32,0,32,0,32,0,32,9,32,11
131 data 32,11,80,15,39,15,181,15,172,1,225,1,160,1,229,15,160,1,160,1,107,15
132 data 239,1,45,15,32,11,32,11,32,11,32,11,32,0,32,0,32,0,32,9,32,0,32,0
133 data 32,0,32,0,32,0,32,0,32,0,32,0,32,0,32,0,32,11,111,10,121,15,98,15
134 data 98,15,111,15,100,12,32,11,32,0,32,0,32,11,32,11,32,12,181,15,95,1
135 data 160,1,66,15,95,1,105,1,250,15,34,15,32,11,32,9,32,12,32,0,32,11
136 data 111,15,98,15,248,15,98,15,73,12,32,11,32,0,32,0,32,0,32,0,32,0
137 data 32,0,32,0,85,11,254,10,254,15,202,15,197,15,160,1,227,1,98,1,247,15
138 data 32,11,32,9,32,9,32,11,45,11,124,15,172,15,83,1,229,15,124,15,7,15
139 data 32,12,32,11,32,11,32,9,44,11,233,15,205,15,98,1,227,1,121,15,228,15
140 data 160,15,223,15,77,11,32,9,32,0,32,0,32,0,32,0,108,11,160,10,236,15
141 data 119,15,100,11,123,11,99,15,69,15,70,15,226,1,160,15,223,15,32,11
142 data 32,0,32,9,32,9,80,15,228,15,249,15,43,12,32,11,32,9,32,0,32,9,108,10
143 data 254,15,160,15,70,15,68,15,119,15,108,11,82,11,32,11,99,15,76,15
144 data 77,11,32,9,32,0,32,0,32,0,33,11,226,10,32,10,47,11,247,14,101,14
145 data 32,11,89,11,123,1,32,9,32,11,99,12,72,11,32,9,32,0,32,12,80,10
146 data 192,10,160,10,117,10,32,9,32,0,32,9,39,11,32,11,32,11,46,9,46,1
147 data 32,11,32,11,32,11,248,15,127,14,110,11,32,11,90,12,32,11,32,0,32,0
148 data 32,9,32,9,32,9,118,11,105,14,239,15,108,11,36,12,32,11,32,11,32,11
149 data 108,15,248,14,101,11,126,11,32,0,32,11,233,10,249,10,61,10,98,10
150 data 32,11,32,0,39,11,85,11,123,14,123,15,111,11,32,11,32,9,44,11,103,1
151 data 97,1,105,15,70,15,223,10,32,9,32,11,32,0,32,9,124,11,248,15,98,15
152 data 29,15,98,1,201,1,101,1,70,12,82,12,30,11,75,12,207,1,127,15,73,14
153 data 100,11,101,11,124,11,207,15,226,15,251,15,225,10,20,11,32,11,41,11
154 data 78,14,231,15,252,1,103,12,59,11,78,12,79,12,122,1,112,1,62,15,167,15
155 data 98,15,248,15,95,12,84,11,89,11,229,15,172,15,201,15,231,15,254,1
156 data 86,1,120,1,127,1,248,1,70,15,118,1,228,1,4,15,252,15,71,11,84,12
157 data 118,12,160,15,160,1,160,1,231,15,71,11,32,11,89,11,78,15,196,1
158 data 232,1,127,1,68,15,91,1,239,1,121,15,160,15,160,15,160,15,160,15
159 data 160,15,246,15,117,11,89,11,160,15,177,15,160,15,210,1,160,1,239,15
160 data 162,15,121,15,196,15,153,15,17,15,23,15,64,15,58,15,98,15,84,15
161 data 9,11,83,15,249,1,249,1,125,15,9,11,103,15,167,15,68,15,64,10,45,10
162 data 70,10,210,15,160,15,247,15,239,15,248,1,208,1,254,15,160,15,160,15
163 data 246,15,101,11,32,9,95,15,81,15,227,15,160,15,208,15,247,1,247,1
164 data 227,1,120,15,228,15,127,15,31,12,32,9,32,9,119,12,32,15,32,0,124,11
165 data 64,11,120,14,226,11,75,11,32,11,99,15,32,11,25,11,70,15,167,15
166 data 167,15,198,15,192,1,253,1,239,1,173,15,240,15,120,15,226,15,75,12
167 data 32,9,32,0,32,0,32,0,99,15,32,12,120,15,226,15,68,15,119,1,126,1
168 data 99,1,32,12,32,0,32,0,32,0,32,0,32,0,32,0,32,0,248,11,247,11,123,11
169 data 32,0,32,0,32,0,32,0,32,0,32,0,32,15,119,15,120,15,120,15,226,15
170 data 120,15,68,12,32,11,99,11,32,11,32,0,32,0,32,0,32,0,32,0,32,0,32,0
171 data 32,0,32,0,32,0,32,0,32,0,32,0,32,0,32,0,32,0,32,0,32,0,32,0,32,0
172 data 32,0,103,11,160,11,126,11,32,0,32,0,32,0,32,0,32,0,32,0,32,0,32,0
173 data 32,0,32,0,32,0,32,0,32,0,32,0,32,0,32,0,32,0,32,0,32,0,32,0,32,0
174 data 32,0,32,0,32,0,32,0,32,0,32,9,32,0,32,0,32,0,32,0,32,0,32,0,32,0
175 data 32,0,32,0,32,0,124,11,249,11,32,9,32,0,32,0,32,0,32,0,32,0,32,0
176 data 32,0,32,0,32,0,32,0,32,0,32,0,32,0,32,0,32,0,32,0,32,0,32,0,32,0
177 data 32,0,32,0,32,0,32,0,32,0,32,0,32,0,32,0,32,0,32,0,32,0,32,0,32,0
178 data 32,0,32,0,32,0,32,0,32,0,32,0,32,0,32,0,32,0,32,0,32,0,32,0,32,0
179 data 32,0,32,0,32,0,32,0,32,0,32,0,32,0,32,0,32,0,32,0,32,0,32,0,32,0